Region1	76	266	10	
Region2	76	266	10	
Region3	76	266	10	
Region4	76	266	10	
Region5	76	266	10	
Region6	76	266	10	
Region7	76	266	10	
Region8	76	266	10	
Region9	76	266	10	
Region10	76	266	10	
Region11	76	266	10	
Region12	76	266	10	
Region13	76	266	10	
Region14	76	266	10	
Region15	76	266	10	
Region16	76	266	10	
Region17	76	266	10	
Region18	76	266	10	
Region19	76	266	10	
Region20	76	266	10	
Region21	76	266	10	
Region22	76	266	10	
Region23	76	266	10	
Region24	76	266	10	
Region25	76	266	10	
Region26	76	266	10	
Region27	76	266	10	
Region28	76	266	10	
Region29	76	266	10	
Region30	76	266	10	
Region31	76	266	10	
Region32	76	266	10	
Region33	76	266	10	
Region34	76	266	10	
Region35	76	266	10	
Region36	76	266	10	
Region37	76	266	10	
Region38	76	266	10	
Region39	76	266	10	
Region40	76	266	10	
Region41	76	266	10	
Region42	76	266	10	
Region43	76	266	10	
Region44	76	266	10	
Region45	76	266	10	
Region46	76	266	10	
Region47	76	266	10	
Region48	76	266	10	
Region49	76	266	10	
Region50	76	266	10	
Region51	76	266	10	
Region52	76	266	10	
Region53	76	266	10	
Region54	76	266	10	
Region55	76	266	10	
Region56	76	266	10	
Region57	76	266	10	
Region58	76	266	10	
Region59	76	266	10	
Region60	76	266	10	
Region61	76	266	10	
Region62	76	266	10	
Region63	76	266	10	
Region64	76	266	10	
Region65	76	266	10	
Region66	76	266	10	
Region67	76	266	10	
Region68	76	266	10	
Region69	76	266	10	
Region70	76	266	10	
Region71	76	266	10	
Region72	76	266	10	
Region73	76	266	10	
Region74	76	266	10	
Region75	76	266	10	
Region76	76	266	10	
Region77	76	266	10	
Region78	76	266	10	
Region79	76	266	10	
Region80	76	266	10	
Region81	76	266	10	
Region82	76	266	10	
Region83	76	266	10	
Region84	76	266	10	
Region85	76	266	10	
Region86	76	266	10	
Region87	76	266	10	
Region88	76	266	10	
Region89	76	266	10	
Region90	76	266	10	
Region91	76	266	10	
Region92	76	266	10	
Region93	76	266	10	
Region94	76	266	10	
Region95	76	266	10	
Region96	76	266	10	
Region97	76	266	10	
Region98	76	266	10	
Region99	76	266	10	
Region100	76	266	10	
Region101	76	266	10	
Region102	76	266	10	
Region103	76	266	10	
Region104	76	266	10	
Region105	76	266	10	
Region106	76	266	10	
Region107	76	266	10	
Region108	76	266	10	
Region109	76	266	10	
Region110	76	266	10	
Region111	76	266	10	
Region112	76	266	10	
Region113	76	266	10	
Region114	76	266	10	
Region115	76	266	10	
Region116	76	266	10	
Region117	76	266	10	
Region118	76	266	10	
Region119	76	266	10	
Region120	76	266	10	
Region121	76	266	10	
Region122	76	266	10	
Region123	76	266	10	
Region124	76	266	10	
Region125	76	266	10	
Region126	76	266	10	
Region127	76	266	10	
Region128	76	266	10	
Region129	76	266	10	
Region130	76	266	10	
Region131	76	266	10	
Region132	76	266	10	
Region133	76	266	10	
Region134	76	266	10	
Region135	76	266	10	
Region136	76	266	10	
Region137	76	266	10	
Region138	76	266	10	
Region139	76	266	10	
Region140	76	266	10	
Region141	76	266	10	
Region142	76	266	10	
Region143	76	266	10	
Region144	76	266	10	
Region145	76	266	10	
Region146	76	266	10	
Region147	76	266	10	
Region148	76	266	10	
Region149	76	266	10	
Region150	76	266	10	
Region151	76	266	10	
Region152	76	266	10	
Region153	76	266	10	
Region154	76	266	10	
Region155	76	266	10	
Region156	76	266	10	
Region157	76	266	10	
Region158	76	266	10	
Region159	76	266	10	
Region160	76	266	10	
Region161	76	266	10	
Region162	76	266	10	
Region163	76	266	10	
Region164	76	266	10	
Region165	76	266	10	
Region166	76	266	10	
Region167	76	266	10	
Region168	76	266	10	
Region169	76	266	10	
Region170	76	266	10	
Region171	76	266	10	
Region172	76	266	10	
Region173	76	266	10	
Region174	76	266	10	
Region175	76	266	10	
Region176	76	266	10	
Region177	76	266	10	
Region178	76	266	10	
Region179	76	266	10	
Region180	76	266	10	
Region181	76	266	10	
Region182	76	266	10	
Region183	76	266	10	
Region184	76	266	10	
Region185	76	266	10	
Region186	76	266	10	
Region187	76	266	10	
Region188	76	266	10	
Region189	76	266	10	
Region190	76	266	10	
Region191	76	266	10	
Region192	76	266	10	
Region193	76	266	10	
Region194	76	266	10	
Region195	76	266	10	
Region196	76	266	10	
Region197	76	266	10	
Region198	76	266	10	
Region199	76	266	10	
Region200	76	266	10	
Region201	76	266	10	
Region202	76	266	10	
Region203	76	266	10	
Region204	76	266	10	
Region205	76	266	10	
Region206	76	266	10	
Region207	76	266	10	
Region208	76	266	10	
Region209	76	266	10	
Region210	76	266	10	
Region211	76	266	10	
Region212	76	266	10	
Region213	76	266	10	
Region214	76	266	10	
Region215	76	266	10	
Region216	76	266	10	
Region217	76	266	10	
Region218	76	266	10	
Region219	76	266	10	
Region220	76	266	10	
Region221	76	266	10	
Region222	76	266	10	
Region223	76	266	10	
Region224	76	266	10	
Region225	76	266	10	
Region226	76	266	10	
Region227	76	266	10	
Region228	76	266	10	
Region229	76	266	10	
Region230	76	266	10	
Region231	76	266	10	
Region232	76	266	10	
Region233	76	266	10	
Region234	76	266	10	
Region235	76	266	10	
Region236	76	266	10	
Region237	76	266	10	
Region238	76	266	10	
Region239	76	266	10	
Region240	76	266	10	
Region241	76	266	10	
Region242	76	266	10	
Region243	76	266	10	
Region244	76	266	10	
Region245	76	266	10	
