Region1	76	266	13	
Region2	76	266	13	
Region3	76	266	13	
Region4	76	266	13	
Region5	76	266	13	
Region6	76	266	13	
Region7	76	266	13	
Region8	76	266	13	
Region9	76	266	13	
Region10	76	266	13	
Region11	76	266	13	
Region12	76	266	13	
Region13	76	266	13	
Region14	76	266	13	
Region15	76	266	13	
Region16	76	266	13	
Region17	76	266	13	
Region18	76	266	13	
Region19	76	266	13	
Region20	76	266	13	
Region21	76	266	13	
Region22	76	266	13	
Region23	76	266	13	
Region24	76	266	13	
Region25	76	266	13	
Region26	76	266	13	
Region27	76	266	13	
Region28	76	266	13	
Region29	76	266	13	
Region30	76	266	13	
Region31	76	266	13	
Region32	76	266	13	
Region33	76	266	13	
Region34	76	266	13	
Region35	76	266	13	
Region36	76	266	13	
Region37	76	266	13	
Region38	76	266	13	
Region39	76	266	13	
Region40	76	266	13	
Region41	76	266	13	
Region42	76	266	13	
Region43	76	266	13	
Region44	76	266	13	
Region45	76	266	13	
Region46	76	266	13	
Region47	76	266	13	
Region48	76	266	13	
Region49	76	266	13	
Region50	76	266	13	
Region51	76	266	13	
Region52	76	266	13	
Region53	76	266	13	
Region54	76	266	13	
Region55	76	266	13	
Region56	76	266	13	
Region57	76	266	13	
Region58	76	266	13	
Region59	76	266	13	
Region60	76	266	13	
Region61	76	266	13	
Region62	76	266	13	
Region63	76	266	13	
Region64	76	266	13	
Region65	76	266	13	
Region66	76	266	13	
Region67	76	266	13	
Region68	76	266	13	
Region69	76	266	13	
Region70	76	266	13	
Region71	76	266	13	
Region72	76	266	13	
Region73	76	266	13	
Region74	76	266	13	
Region75	76	266	13	
Region76	76	266	13	
Region77	76	266	13	
Region78	76	266	13	
Region79	76	266	13	
Region80	76	266	13	
Region81	76	266	13	
Region82	76	266	13	
Region83	76	266	13	
Region84	76	266	13	
Region85	76	266	13	
Region86	76	266	13	
Region87	76	266	13	
Region88	76	266	13	
Region89	76	266	13	
Region90	76	266	13	
Region91	76	266	13	
Region92	76	266	13	
Region93	76	266	13	
Region94	76	266	13	
Region95	76	266	13	
Region96	76	266	13	
Region97	76	266	13	
Region98	76	266	13	
Region99	76	266	13	
Region100	76	266	13	
Region101	76	266	13	
Region102	76	266	13	
Region103	76	266	13	
Region104	76	266	13	
Region105	76	266	13	
Region106	76	266	13	
Region107	76	266	13	
Region108	76	266	13	
Region109	76	266	13	
Region110	76	266	13	
Region111	76	266	13	
Region112	76	266	13	
Region113	76	266	13	
Region114	76	266	13	
Region115	76	266	13	
Region116	76	266	13	
Region117	76	266	13	
Region118	76	266	13	
Region119	76	266	13	
Region120	76	266	13	
Region121	76	266	13	
Region122	76	266	13	
Region123	76	266	13	
Region124	76	266	13	
Region125	76	266	13	
Region126	76	266	13	
Region127	76	266	13	
Region128	76	266	13	
Region129	76	266	13	
Region130	76	266	13	
Region131	76	266	13	
Region132	76	266	13	
Region133	76	266	13	
Region134	76	266	13	
Region135	76	266	13	
Region136	76	266	13	
Region137	76	266	13	
Region138	76	266	13	
Region139	76	266	13	
Region140	76	266	13	
Region141	76	266	13	
Region142	76	266	13	
Region143	76	266	13	
Region144	76	266	13	
Region145	76	266	13	
Region146	76	266	13	
Region147	76	266	13	
Region148	76	266	13	
Region149	76	266	13	
Region150	76	266	13	
Region151	76	266	13	
Region152	76	266	13	
Region153	76	266	13	
Region154	76	266	13	
Region155	76	266	13	
Region156	76	266	13	
Region157	76	266	13	
Region158	76	266	13	
Region159	76	266	13	
Region160	76	266	13	
Region161	76	266	13	
Region162	76	266	13	
Region163	76	266	13	
Region164	76	266	13	
Region165	76	266	13	
Region166	76	266	13	
Region167	76	266	13	
Region168	76	266	13	
Region169	76	266	13	
Region170	76	266	13	
Region171	76	266	13	
Region172	76	266	13	
Region173	76	266	13	
Region174	76	266	13	
Region175	76	266	13	
Region176	76	266	13	
Region177	76	266	13	
Region178	76	266	13	
Region179	76	266	13	
Region180	76	266	13	
Region181	76	266	13	
Region182	76	266	13	
Region183	76	266	13	
Region184	76	266	13	
Region185	76	266	13	
Region186	76	266	13	
Region187	76	266	13	
Region188	76	266	13	
Region189	76	266	13	
Region190	76	266	13	
Region191	76	266	13	
Region192	76	266	13	
Region193	76	266	13	
Region194	76	266	13	
Region195	76	266	13	
Region196	76	266	13	
Region197	76	266	13	
Region198	76	266	13	
Region199	76	266	13	
Region200	76	266	13	
Region201	76	266	13	
Region202	76	266	13	
Region203	76	266	13	
Region204	76	266	13	
Region205	76	266	13	
Region206	76	266	13	
Region207	76	266	13	
Region208	76	266	13	
Region209	76	266	13	
Region210	76	266	13	
Region211	76	266	13	
Region212	76	266	13	
Region213	76	266	13	
Region214	76	266	13	
Region215	76	266	13	
Region216	76	266	13	
Region217	76	266	13	
Region218	76	266	13	
Region219	76	266	13	
Region220	76	266	13	
Region221	76	266	13	
Region222	76	266	13	
Region223	76	266	13	
Region224	76	266	13	
Region225	76	266	13	
Region226	76	266	13	
Region227	76	266	13	
Region228	76	266	13	
Region229	76	266	13	
Region230	76	266	13	
Region231	76	266	13	
Region232	76	266	13	
Region233	76	266	13	
Region234	76	266	13	
Region235	76	266	13	
Region236	76	266	13	
Region237	76	266	13	
Region238	76	266	13	
Region239	76	266	13	
Region240	76	266	13	
Region241	76	266	13	
Region242	76	266	13	
Region243	76	266	13	
Region244	76	266	13	
Region245	76	266	13	
